MU5138 	3	31	07 00	09 10	1128
CA1351	3	11	08 00	11 00	1699
ZH9889	3	32	08 10	11 20	1759
MU5166	3	15	07 35	09 55	1155
CA1203 	3	42	07 30	09 25	1052
MF8170 	3	30	07 25	10 15	1720
FM9269	31  	32	07 40	11 20	1043
FM9247  31      19	08 15   09 45   760
FM9451  31      20	07 35   10 55   1980
FM9535	31      14	07 00   10 10   1888
MU5623  31      5	08 55   10 45   1055
HU7327  32      4	07 30   09 55   1420
MU2364  32      41	17 00   18 25   980
CZ6358  32      29	15 55   19 00   1833
MF8338	32      9	21 25	22 45	990
MU2155	42      31	10 00	12 00	1250
ZH9988	42      32	15 45	18 15	817
MU2387	42      26	12 05	13 40	1083
MF8228	42      15	10 15	12 05	1133
MF8258	42      30	20 35	23 15	1633
CA4137  49      3	09 00	11 25	1555
MU5424	49	31	12 50	14 45	1480
CA4349	49	11	13 10	15 05	1180
CZ8119	49	26	15 30	17 25	1280
MF8066	33	30	18 05	11 05	1911
CZ6469	33	42	08 20	12 05	1500
HU7862	15	42	11 05	13 20	1125
MF8459	37	42	09 20	11 15	967