K598/K599
18 00
1	 00 00	 0	0   
18	 00 28	 8	25	   
7	 04 52	 12	65	   
3	 10 58	 17	106	   
34	 14 45	 18	140	   
48	 20 12	 10	182	   	   
47	 31 20	 6 	257	   
11	 40 17	 0	316	

T235/T238
21 00	   
13	 00 00   0      0	   
46	 00 22	 6	41	   
33	 03 07	 8	76	   
37	 10 04	 8	154	   
34	 14 38	 17	194	   
48	 18 44	 6	231	   
47	 27 19	 6	302	   
50	 28 01	 10	305	   
11	 35 07	 0	355

T551/T554
17 00	   
13	 00 00	 0	0	   
46	 00 52	 12	41	   
33	 04 30	 9	76	   
37	 13 19	 11	150	   
19	 18 18	 12	191	   
44	 22 18	 2	215	   
26	 27 10	 12	245	   
40	 29 07	 8	257	   
15	 32 32	 6	281	   
38	 39 30	 0	316

K545/K548
19 00
6	 00 00   0      0
13       00 50	 16	44
46	 03 51	 12	76
33	 07 22	 10	113
37	 15 54	 11	182
17	 19 50	 6	208
48	 28 08	 10	257
24	 29 48	 2	271
42	 35 02	 0	302

T27
23 00
3	 00 00	 0	0
34	 00 49	 2	42
42	 09 35	 7	150
22	 16 06	 15	215
43	 18 48	 20	238
21	 19 38	 0      389

K45
17 00
3	 00 00	 0	0
19	 00 17	 12	73
44	 04 21	 10	106
26	 08 32	 8	150
40	 10 33	 8	158
9	 28 38	 0	253

T61
19 00
3	 00 00	 0	0
34	 00 07	 6	42
48	 04 20	 4	94
41	 09 50	 8	154
47	 13 16	 10	191
12	 25 45	 10	271
20	 35 53	 0	320

K589/K599
18 00
1	 00 00	 0	0
18       00 28	 8	25
7	 04 52	 12	65
3	 10 58	 17	106
34	 14 45	 18     140
48	 20 12	 10	182
41	 27 23	 9	231
47	 31 20	 6	257
11	 40 17	 0	316

K516/K517
12 00
31	 00 00	 0	0
35	 00 24	 4	15
26	 03 18	 8	47
44	 07 33	 8	92
19	 11 25	 10	125
33	 25 24	 8	226
46	 29 15	 0	253

K290/K291
09 00
31	 00 00	 0	0
35	 00 39	 3	15
26	 03 34	 14	47
44	 08 18	 12	92
48	 12 30	 9	130
24	 14 07	 2	143
42	 18 49	 12	182
2	 20 48	 22	200
4	 34 59	 0	257

T69
21 00
3	 00 00	 0	0
34	 00 06	 2	42
48	 04 00	 8	94
24	 05 29	 2	106
42	 09 56	 8	150
2	 11 39	 2	170
22	 16 46	 10	215
39       37 42	 0	363

K56/K57
11 00
31	 00 00	 0	0
35	 00 01	 10	15
26	 03 34	 8	47
44	 07 46	 14	92
19	 11 46	 10	125
37	 16 08	 6	165
33	 24 51	 10	226
46	 28 09	 9	253
13	 31 07 	 0	276

T52/T53
19 00
31	 00 00	 0	0
35	 00 38	 2	15
26	 03 41	 6	44
44	 07 57	 10	92
48	 11 36	 5	130
42	 17 24	 12	180
2	 19 11	 4	200
22	 24 20	 10	242
39       45 01	 0	389

1296/1297
03 00
11	 00 00	 0	0
50	 00 50	 6	81
47	 02 02	 14	87
41	 06 52	 12	123
24	 18 58	 12	184
42	 25 02	 12	213
45	 38 51	 0	269

K236/K237
01 00
11	 00 00	 0	0
50	 00 05	 2	92
47	 00 44	 7	99
41	 04 24	 8	140
48	 09 49	 6	194
34 	 14 00	 7	231
37	 18 28	 10	266
33	 25 08	 8	316
46       28 26	 6	338
13	 30 42	 0	355

T222/T223
06 00
49	 00 00	 0	0
42	 00 23	 28	106
2	 02 18	 4	125
22	 07 17	 15	179
43	 09 59	 20	200
21	 11 02	 0	355

K620
00 00
49	 00 00	 0	0
48	 00 11	 12	175
17	 10 20	 16	226
3	 13 32	 0	253

K237/K240
11 00
36	 00 00	 0	0
24	 00 39	 8	98
41	 10 29	 10	164
47	 14 31	 12	193
50	 15 23	 10	199
11	 23 03	 0	251

K242/K243
01 00
42	 00 00	 0	0
24	 00 22	 15	55
48	 02 11	 14	73
41	 08 34	 12	137
25	 13 19	 9	175
30	 28 55	 0	245

1086
22 00
39       00 00	 0	0
22	 00 03	 10     105
2	 07 21	 4	126
42	 09 29	 12	135
24	 14 41	 6	148
48	 16 29	 18	154
44	 20 43	 8	165
19	 24 36	 0	177

K546/K547
01 00
42	 00 00	 0	0
24	 00 47	 2	55
48	 02 41	 8	73
17	 09 49	 5	143
37	 13 06	 10	170
33	 21 18	 8	231
46	 25 10	 10	257
13	 28 28	 16	281
6	 30 38 	 0	288

K315/K318
00 00
42	 00 00	 0	0
24	 00 13	 4	55
48	 02 58	 6	73
37	 09 26	 12	137
47	 13 21	 12	175
50	 14 13	 5	179
23	 01 37	 27	238
27	 05 30	 0	257

K289/K292
07 00
4	 00 00	 0	0
2	 00 23	 12	92
42	 02 38	 13	113
24	 08 25	 2	154
48	 10 19	 6	170
44	 14 17	 8	200
26	 18 25	 6	231
35	 21 00	 11	245
31	 22 08	 0	257

T8
22 00
4	 00 00	 0	0
2	 00 32	 20	92
42	 02 24	 10	113
24	 06 57	 2	154
34 	 11 47	 20	203
3	 15 28	 0	231

T282/T283
18 00
15	 00 00	 0	0
31	 00 58	 17	29
35	 02 48	 4	42
26	 05 03	 54	70
44	 09 09 	 8	113
19	 12 26	 3	150
3	 17 24	 15	194
18       27 45	 8	253
1	 29 49	 0	266